0.00000000 0.06041898 0.11611652 0.16614600 0.20943058 0.24480963 0.27113101 0.28739036 0.29289322 0.28739036 0.27113101 0.24480963 0.20943058 0.16614600 0.11611652 0.06041898 0.00000000
0.06041898 0.12500000 0.18509970 0.23965468 0.28739036 0.32685440 0.35652312 0.37500000 0.38128157 0.37500000 0.35652312 0.32685440 0.28739036 0.23965468 0.18509970 0.12500000 0.06041898
0.11611652 0.18509970 0.25000000 0.30966494 0.36262256 0.40707294 0.44098301 0.46235467 0.46966991 0.46235467 0.44098301 0.40707294 0.36262256 0.30966494 0.25000000 0.18509970 0.11611652
0.16614600 0.23965468 0.30966494 0.37500000 0.43403843 0.48461180 0.52401418 0.54930609 0.55805826 0.54930609 0.52401418 0.48461180 0.43403843 0.37500000 0.30966494 0.23965468 0.16614600
0.20943058 0.28739036 0.36262256 0.43403843 0.50000000 0.55805826 0.60471529 0.63556551 0.64644661 0.63556551 0.60471529 0.55805826 0.50000000 0.43403843 0.36262256 0.28739036 0.20943058
0.24480963 0.32685440 0.40707294 0.48461180 0.55805826 0.62500000 0.68131128 0.72049150 0.73483496 0.72049150 0.68131128 0.62500000 0.55805826 0.48461180 0.40707294 0.32685440 0.24480963
0.27113101 0.35652312 0.44098301 0.52401418 0.60471529 0.68131128 0.75000000 0.80235765 0.82322330 0.80235765 0.75000000 0.68131128 0.60471529 0.52401418 0.44098301 0.35652312 0.27113101
0.28739036 0.37500000 0.46235467 0.54930609 0.63556551 0.72049150 0.80235765 0.87500000 0.91161165 0.87500000 0.80235765 0.72049150 0.63556551 0.54930609 0.46235467 0.37500000 0.28739036
0.29289322 0.38128157 0.46966991 0.55805826 0.64644661 0.73483496 0.82322330 0.91161165 1.00000000 0.91161165 0.82322330 0.73483496 0.64644661 0.55805826 0.46966991 0.38128157 0.29289322
0.28739036 0.37500000 0.46235467 0.54930609 0.63556551 0.72049150 0.80235765 0.87500000 0.91161165 0.87500000 0.80235765 0.72049150 0.63556551 0.54930609 0.46235467 0.37500000 0.28739036
0.27113101 0.35652312 0.44098301 0.52401418 0.60471529 0.68131128 0.75000000 0.80235765 0.82322330 0.80235765 0.75000000 0.68131128 0.60471529 0.52401418 0.44098301 0.35652312 0.27113101
0.24480963 0.32685440 0.40707294 0.48461180 0.55805826 0.62500000 0.68131128 0.72049150 0.73483496 0.72049150 0.68131128 0.62500000 0.55805826 0.48461180 0.40707294 0.32685440 0.24480963
0.20943058 0.28739036 0.36262256 0.43403843 0.50000000 0.55805826 0.60471529 0.63556551 0.64644661 0.63556551 0.60471529 0.55805826 0.50000000 0.43403843 0.36262256 0.28739036 0.20943058
0.16614600 0.23965468 0.30966494 0.37500000 0.43403843 0.48461180 0.52401418 0.54930609 0.55805826 0.54930609 0.52401418 0.48461180 0.43403843 0.37500000 0.30966494 0.23965468 0.16614600
0.11611652 0.18509970 0.25000000 0.30966494 0.36262256 0.40707294 0.44098301 0.46235467 0.46966991 0.46235467 0.44098301 0.40707294 0.36262256 0.30966494 0.25000000 0.18509970 0.11611652
0.06041898 0.12500000 0.18509970 0.23965468 0.28739036 0.32685440 0.35652312 0.37500000 0.38128157 0.37500000 0.35652312 0.32685440 0.28739036 0.23965468 0.18509970 0.12500000 0.06041898
0.00000000 0.06041898 0.11611652 0.16614600 0.20943058 0.24480963 0.27113101 0.28739036 0.29289322 0.28739036 0.27113101 0.24480963 0.20943058 0.16614600 0.11611652 0.06041898 0.00000000